
Ifigeneia
10900 11400
11530 11700
22000 22200
31000 31400
32000 32200
42000 42200
51000 52359
61100 62359
70800 72359

Emily
11200 11330
11710 12400
20800 21300
21600 22030
31710 32359
40800 41330
41710 42030
51200 51330
51700 52359
71400 71900
72000 72359

Owen
11200 12359
21330 22359
31515 32359
41515 42359
50800 52330
60800 62359
70800 72359

Sebastian
11800 12000
21830 22100
31800 32000
41800 42000
51100 51400
60800 62359
70800 72359

Stella
10950 12359
31430 31800
51200 52359

Kent
11200 11600
11800 12359
21200 21600
21800 22359
31200 31600
31800 32359
51200 51600
51800 52359
60800 62359
70800 72359

Andres
10800 11400
11520 11930
12150 12359
20800 21020
21140 21830
22230 22359
30800 31830
32230 32359
40800 41020
41140 41830
42230 42359
50800 51830
52230 52359
60800 61200
61700 62359
70800 71200
71700 72359

Maia
10800 11300
11600 12359
21400 22359
31600 32359
51200 52359
60800 62359
70800 72359

Roman
10800 12359
20800 22359
50800 52359
60800 62359
70800 72359

Josef
11000 11140
11500 11800
11930 12300
20800 21000
21500 22300
31000 31140
31320 32300
40800 41000
41140 41320
41500 41800
41930 42300
50800 50940
51200 51320
51500 51830
52000 52300
60800 62300
70800 72300
